26, 415.1, 149.63, -0.65, 1.4
27, 608.43, 206.32, -0.79, 2.63
28, 195.7, 196.55, 3.02, -0.64
29, 443.34, 103.68, 2.59, -0.57
30, 1153.67, -212.06, 1.73, 2.85
31, 519.37, 45.03, 0.2, 0.87
32, 241.32, 201.43, 2.51, 1.59
33, 997.27, 117.37, 2.24, 0.96
34, 1016.82, 89.02, 0.58, -0.28
35, 836.52, -42.94, 2.13, -0.25
36, 462.89, 86.09, 2.59, 3.09
37, 543.27, -33.17, 1.42, 0.81
38, 143.57, -67.38, -0.84, -0.62
39, 504.17, -219.88, -0.66, 1.76
40, 969.03, 204.37, 1.67, -0.47
41, 908.21, 51.87, 2.67, 0.88
42, 780.04, 107.59, -0.84, -0.05
43, 864.76, -177.84, -1.08, 1.91
44, 1101.54, -41.97, 2.16, 0.86
45, 1034.2, -18.51, 1.15, -0.9
46, 875.62, 24.5, -0.9, 0.43
47, 571.51, 44.05, -0.62, 0.64
48, 221.77, 169.18, 2.53, 2.73
49, 1066.78, -219.88, 0.37, 1.69
50, 1016.82, 42.1, 0.46, 0.92
51, 336.9, 125.19, 2.55, 2.8
52, 573.68, 97.82, -0.37, 0.04
53, 1055.92, -211.08, -0.1, -0.79
54, 384.69, 94.89, 2.73, -0.55
55, 515.03, -88.89, 1.0, -0.35
56, 627.98, 207.3, 1.16, 0.49
57, 210.91, 26.46, -1.24, -1.22
58, 193.53, 48.94, -0.55, 0.35
59, 864.76, 166.24, 0.54, 2.37
60, 593.23, -200.32, 2.96, 0.62
61, 1186.26, -152.43, 2.26, 2.99
62, 960.34, -161.22, 0.66, 0.07
63, 884.31, 77.29, 2.38, 1.18
64, 169.64, -203.26, -0.54, 2.3
65, 725.74, 191.66, 1.97, -0.84
66, 334.73, 190.68, 1.93, 1.4
67, 265.22, -71.29, 1.57, 0.37
68, 247.84, 142.78, 0.31, -0.6
69, 966.86, 216.1, 1.16, 2.63
70, 165.29, -112.35, -1.01, -0.49
71, 171.81, 160.38, 1.62, 2.22
72, 873.45, -18.51, 1.14, -0.23
73, 1101.54, 167.22, -0.8, -0.39
74, 1001.61, -192.5, 1.73, 2.26
75, 992.92, 159.4, -0.49, 1.43
76, 137.05, -192.5, 1.16, 1.51
77, 688.81, 72.4, 2.07, 1.01
78, 343.42, -165.13, 1.45, 1.36
79, 373.83, 104.66, 0.17, -0.29
80, 495.48, 172.11, -0.38, 1.62
81, 734.42, 118.35, 2.94, 3.1
82, 938.62, 80.22, 3.1, 1.0
83, 888.66, -238.45, 1.21, -0.28
84, 245.67, -145.58, 2.49, 0.89
85, 286.94, 103.68, 0.08, -0.73
86, 847.38, 5.93, 1.78, 1.13
87, 1116.74, -72.27, 2.07, -0.23
88, 784.39, 91.95, 2.36, 0.01
89, 213.08, 20.59, 1.87, -0.41
90, 536.75, -241.38, 2.13, 2.56
91, 1116.74, -157.31, 0.61, 2.63
92, 286.94, 63.6, 1.96, 0.64
93, 851.73, -107.46, 1.77, 1.55
94, 197.88, 141.81, -0.66, -1.14
95, 888.66, -168.07, 2.89, 1.46
96, 384.69, -224.76, -1.26, 0.75
97, 1129.78, -27.3, 2.03, 1.58
98, 734.42, -90.84, -0.92, -0.86
99, 643.19, 26.46, -0.81, -0.57
100, 1181.91, -8.73, 0.46, 1.42
101, 604.09, 53.83, 2.32, 1.14
102, 558.47, -159.27, -0.92, 3.01
103, 569.33, -5.8, 3.1, 2.81
104, 951.65, 8.86, 2.14, -0.59
105, 1153.67, 146.69, 2.17, 0.54
106, 339.07, -79.11, 2.75, 0.57
107, 267.39, 184.82, -1.08, 1.95
108, 1168.88, 82.18, 1.65, -0.45
109, 121.85, -85.96, 2.66, -0.3
110, 515.03, 46.01, 1.23, 0.92
111, 710.53, 94.89, 1.13, 3.09
112, 1186.26, -10.69, 2.21, 1.94
113, 215.25, 217.07, -0.13, 2.24
114, 167.46, 195.57, 1.97, -0.3
115, 1155.84, -90.84, 1.92, -1.24
116, 1162.36, -58.58, 1.58, 2.69
117, 419.45, 67.51, 3.09, 0.87
118, 888.66, -171.98, 1.26, 1.12
119, 236.98, 165.27, -1.07, -0.42
120, 347.76, 2.02, 2.5, 0.58
121, 614.95, 31.35, 0.41, 0.13
122, 395.55, 157.45, 0.51, -0.37
123, 506.34, -242.36, 0.28, 0.04
124, 441.17, -108.44, 1.71, 0.15
125, 360.8, -242.36, 2.21, 2.09
126, 578.02, 81.2, -0.45, 1.88
127, 193.53, 100.75, 0.55, 2.64
128, 356.45, -210.1, -0.78, -0.28
129, 851.73, 160.38, 1.64, 0.49
130, 321.7, 156.47, 0.01, 0.41
131, 838.69, -20.46, 1.12, 0.96
132, 562.82, -36.1, 2.73, 2.43
133, 260.87, -261.91, 1.28, -1.03
134, 667.08, 24.5, 1.54, 0.2
135, 562.82, -224.76, -0.4, 1.79
136, 362.97, -82.05, 1.31, 1.33
137, 1160.19, -269.73, 0.1, 1.46
138, 890.83, 216.1, 1.73, 1.25
139, 1038.54, -224.76, 0.34, 2.47
140, 725.74, 97.82, 0.46, 2.2
141, 1160.19, -142.65, 0.12, 0.28
142, 515.03, 118.35, 2.9, 1.97
143, 1049.4, 4.95, 0.92, 2.84
144, 452.03, -250.18, 0.73, 0.93
145, 515.03, -61.52, -0.04, -0.49
146, 953.82, 212.19, 1.01, -0.03
147, 1058.09, -15.57, 1.29, 0.04
148, 901.69, 43.08, 2.35, 1.96
149, 354.28, 86.09, 2.61, -0.53
150, 132.71, -36.1, -0.18, 0.38
151, 706.19, 63.6, 1.26, 1.6
152, 953.82, 99.77, 2.33, 1.22
153, 462.89, 89.02, 1.65, -0.09
154, 660.57, 127.14, 0.49, 2.37
155, 193.53, 171.13, 2.13, -0.85
156, 651.88, -105.51, 2.51, 1.74
157, 1164.53, -79.11, 1.99, -0.36
158, 1092.85, -233.56, 1.16, 2.71
159, 217.43, -80.09, 0.19, 2.49
160, 410.76, -241.38, -0.42, 0.6
161, 560.64, 33.3, 2.58, -1.22
162, 832.18, 154.51, 2.75, 1.55
163, 1088.5, 90.0, 0.19, 0.26
164, 467.24, 99.77, -0.17, 1.66
165, 684.46, -137.76, 2.73, 2.6
166, 204.39, -234.54, 1.1, 1.7
167, 1088.5, 154.51, 0.59, 2.65
1, 810.45, -216.94, -0.12, -0.4
2, 838.69, 150.6, -1.24, 0.85
3, 803.94, -42.94, 0.25, -0.89
4, 588.88, 135.94, 2.5, 0.53
5, 525.89, 197.52, 1.18, -0.59
6, 465.06, -112.35, -0.32, 1.96
7, 610.61, -39.03, 0.21, 1.14
8, 997.27, -171.98, 0.37, 0.55
9, 617.12, 140.83, 1.91, -0.58
10, 799.59, 21.57, 2.0, 3.08
11, 152.26, 185.79, 0.93, 2.31
12, 521.54, -201.3, -1.12, 0.59
13, 823.49, -206.19, 0.8, 1.28
14, 193.53, -248.22, 2.63, 1.13
15, 130.54, 3.98, -0.0, 1.91
16, 543.27, -159.27, 0.86, 1.34
17, 916.89, -12.64, 0.43, -0.77
18, 888.66, 81.2, 2.7, 1.06
12, 677.95, 36.23, 0.98, -0.41
13, 1149.33, 130.08, -0.35, 1.92
14, 1018.99, 152.56, 2.31, 2.43
15, 580.19, 109.55, 2.25, 0.77
16, 1021.16, 159.4, 0.12, 2.94
17, 106.64, 164.29, 2.76, 1.28
18, 1012.47, -22.42, -0.1, 2.9
19, 115.33, -116.26, 2.68, 1.26
20, 549.78, -150.47, 2.59, 1.17
21, 875.62, -117.24, -0.31, 0.74
22, 897.34, 3.98, -0.48, 2.53
23, 849.55, -13.62, -0.6, 1.01
24, 921.24, -230.63, 2.19, 1.27
25, 951.65, -84.98, -0.2, 2.42
26, 1066.78, 131.05, 2.03, -0.89
27, 167.46, -65.43, -0.2, -1.25
28, 178.33, -60.54, 0.83, 2.93
29, 719.22, -255.07, 0.77, 0.47
30, 1003.79, -57.61, 2.28, 2.31
31, 906.03, -260.93, 1.21, 1.41
32, 467.24, -47.83, 0.74, -0.1
33, 654.05, -30.24, 0.96, 0.38
34, 630.16, 136.92, 2.85, 2.42
35, 1201.46, 104.66, -0.27, 0.62
36, 1175.39, -107.46, 2.61, -1.16
37, 586.71, -142.65, 2.41, 1.45
38, 156.6, 131.05, -0.24, 1.82
39, 269.56, 24.5, 0.88, 2.48
40, 415.1, -98.66, 0.46, -0.59
41, 1010.3, -244.31, -0.87, 0.12
42, 319.52, 141.81, 2.79, 1.24
43, 580.19, 141.81, 1.75, 1.52
44, 830.0, -80.09, 2.91, 1.15
45, 408.59, -235.52, 0.37, 3.04
46, 914.72, -141.67, 2.82, 2.57
47, 452.03, -122.12, 2.59, -0.35
48, 551.96, -174.91, 1.2, 0.38
49, 940.79, 141.81, -1.0, -0.01
50, 682.29, 3.98, 2.72, 0.55
51, 510.68, 67.51, 0.86, 1.75
52, 723.56, -258.0, 2.84, -1.14
53, 682.29, 217.07, 2.97, -0.01
54, 1029.85, 159.4, -1.26, 2.36
55, 423.79, -210.1, -0.37, 1.43
56, 819.14, 67.51, 2.61, 2.23
57, 1199.29, 120.3, 2.85, 1.53
58, 384.69, -104.53, 0.96, 1.98
59, 617.12, 225.87, 2.06, 0.52
60, 491.13, -138.74, 2.9, 1.59
61, 206.57, -59.56, 0.77, 3.04
62, 1110.23, -7.75, -0.38, -0.45
63, 1179.74, 17.66, -0.04, -0.54
64, 180.5, -89.87, 2.85, 1.7
65, 747.46, 135.94, 1.46, -0.01
66, 289.11, -258.98, 1.27, 2.89
67, 769.18, -97.69, 1.42, -0.74
68, 1008.13, 195.57, 2.71, -0.43
69, 1186.26, -90.84, -1.25, 0.62
70, 647.53, 31.35, 0.22, 0.82
71, 760.49, 79.24, -0.31, -0.53
72, 1064.61, -231.61, -1.04, -0.38
73, 714.87, 129.1, 1.09, 2.74
74, 1032.02, 124.21, 2.0, 1.8
75, 1210.15, 130.08, 0.31, 2.16
76, 1201.46, 45.03, 0.13, 2.31
77, 988.58, -214.01, 0.29, 3.05
78, 547.61, -117.24, -0.72, -0.45
79, 1201.46, 12.77, 0.39, -1.17
80, 423.79, 45.03, -0.96, 1.7
81, 519.37, -238.45, 0.99, -0.27
82, 649.71, 80.22, -0.15, 2.25
83, 836.52, 94.89, 0.56, 1.85
84, 1138.47, 151.58, -0.28, 2.13
85, 695.32, 45.03, 2.75, -1.14
86, 1210.15, -241.38, 2.71, -0.48
87, 1162.36, -114.3, 1.94, 1.88
88, 223.94, 120.3, 1.27, 1.84
89, 1003.79, 219.03, -0.94, 2.66
90, 499.82, -211.08, 0.19, 0.67
91, 884.31, -121.15, 2.21, -0.52
92, 704.01, 165.27, 2.88, 2.13
93, 163.12, 10.82, 0.8, 1.22
94, 454.2, -226.72, 0.22, 0.03
95, 684.46, 48.94, -1.22, -0.37
96, 871.28, -115.28, -0.16, 1.92
97, 992.92, 70.45, -0.19, -0.89
98, 221.77, -167.09, 1.09, 0.18
99, 719.22, -104.53, 3.1, 1.82
100, 499.82, 183.84, 1.22, 1.91
101, 276.08, -236.49, -1.25, 0.43
102, 343.42, -86.93, 0.86, 0.25
103, 204.39, 220.98, 1.79, 0.5
104, 512.85, 68.49, 0.89, 1.92
105, 530.23, 124.21, -0.42, 0.01
106, 751.8, 205.34, -0.07, 0.87
107, 1092.85, 2.02, -0.48, 0.12
108, 862.59, -226.72, 0.43, 2.93
109, 1047.23, -100.62, 1.63, 2.34
110, 599.74, 48.94, 1.37, 1.61
111, 236.98, -124.08, -0.52, -0.39
112, 795.25, 125.19, -0.2, 2.03
113, 1101.54, -169.04, 1.2, 2.86
114, 1166.7, -81.07, 1.44, 2.85
115, 532.4, -21.44, 0.08, 0.01
116, 1025.51, 165.27, 0.63, -0.4
117, 347.76, -160.25, 1.64, 1.84
123, 1149.33, -163.18, 1.04, -0.6
123, 1149.33, -163.18, 1.04, -0.6
1, 441.17, 37.21, 1.58, -0.02
2, 182.67, -148.52, 1.17, -0.84
3, 1058.09, -202.28, 0.49, 1.99
4, 145.74, 166.24, -0.41, -1.22
5, 284.77, -58.58, 0.98, 2.73
6, 719.22, 33.3, 2.78, 0.05
7, 1081.99, 151.58, 1.48, 0.46
8, 919.07, -156.34, 2.78, 3.06
9, 1049.4, -73.25, 3.09, -0.97
10, 962.51, 215.12, 0.19, 1.57
11, 753.98, -28.28, -1.13, 2.28
12, 323.87, -236.49, 1.51, -0.35
13, 1203.63, -83.02, 0.8, -1.21
14, 895.17, -259.95, 3.01, 2.73
15, 143.57, -35.12, 0.34, 0.03
16, 334.73, -121.15, 0.51, -0.66
17, 745.29, -98.66, 2.44, -0.53
18, 362.97, -248.22, -0.23, 2.57
19, 269.56, -260.93, 2.41, -0.3
20, 1077.64, -31.21, 0.25, 0.97
21, 743.11, 186.77, 2.19, 1.13
22, 556.3, 133.01, -1.05, 1.42
23, 1101.54, 222.94, 3.05, 2.95
24, 888.66, -82.05, 2.94, -0.07
25, 1049.4, 153.54, 2.07, 0.06
26, 493.3, -88.89, -0.22, 1.78
27, 206.57, 19.62, 0.52, 2.67
27, 206.57, 19.62, 0.52, 2.67
1, 1140.64, -84.98, -0.88, 1.52
2, 236.98, -139.72, -0.59, 2.75
3, 1142.81, 48.94, 0.25, 1.48
4, 669.26, 72.4, 0.44, -0.93
5, 475.93, -115.28, 0.5, 2.86
6, 632.33, -262.89, 1.12, 0.56
7, 234.81, -34.15, 2.73, 2.25
8, 942.96, -67.38, 2.85, -0.86
9, 1179.74, 119.32, 0.17, 2.55
10, 128.36, -27.3, 0.44, 2.11
11, 295.63, -229.65, 0.56, 2.41
12, 578.02, -110.39, 2.49, -0.11
13, 914.72, -171.98, 3.03, 2.17
14, 912.55, 181.88, 3.04, 2.67
15, 992.92, -141.67, 2.25, 2.1
16, 764.84, 20.59, 0.37, 0.13
17, 278.25, 144.74, 2.47, -0.32
18, 801.76, 41.12, 0.19, 2.49
19, 947.31, 177.0, 2.06, 1.49
20, 193.53, 131.05, -0.74, 0.35
21, 1116.74, 52.85, 2.18, 1.12
22, 612.78, 82.18, -0.98, 1.65
23, 245.67, 117.37, 2.84, 1.82
24, 328.21, -116.26, 2.99, -0.7
25, 286.94, 49.92, -1.09, 2.72
26, 465.06, -250.18, 1.67, 1.53
27, 1008.13, -239.43, 0.11, 1.51
28, 1097.19, -12.64, 0.06, -0.29
29, 562.82, 37.21, -0.31, 2.91
30, 662.74, -119.19, 0.07, 1.46
31, 412.93, -175.89, 1.49, 2.1
32, 497.65, 172.11, 2.89, 3.03
33, 877.79, -249.2, -0.81, -0.47
34, 910.38, -41.97, -1.13, 2.28
35, 732.25, 199.48, 0.62, 0.49
36, 156.6, -126.03, 0.92, 0.85
37, 439.0, -117.24, 1.92, 0.99
38, 621.47, 83.15, -0.13, 1.96
39, 202.22, 49.92, -1.17, 2.54
40, 517.2, -103.55, -0.47, 1.37
41, 723.56, 1.04, 2.07, 1.08
42, 482.44, -122.12, 1.04, 0.42
43, 326.04, 193.61, -0.44, -0.62
44, 528.06, 43.08, 0.53, 1.02
45, 347.76, -250.18, 2.29, 0.61
46, 221.77, 1.04, 1.44, 2.69
47, 523.72, -65.43, 3.06, 2.72
48, 402.07, -19.48, 1.43, 0.45
49, 1155.84, -72.27, 0.4, 1.95
50, 1060.26, -131.9, 0.15, -0.97
51, 210.91, 90.98, 2.42, 0.36
52, 990.75, -108.44, 1.04, 2.2
53, 291.28, -131.9, 2.81, 2.48
54, 780.04, -20.46, 0.8, 2.8
55, 182.67, 145.72, 1.08, -1.11
56, 121.85, 169.18, 2.63, 0.85
57, 139.23, -240.4, 2.68, 2.73
58, 284.77, -69.34, 1.76, 2.47
59, 404.24, 118.35, -1.02, -0.99
60, 1171.05, -235.52, -0.66, -0.3
61, 758.32, 6.91, 2.42, 2.2
62, 404.24, -1.89, -0.54, 1.63
63, 1060.26, 164.29, -1.23, 0.96
64, 1016.82, -20.46, -0.14, 1.72
65, 1079.81, 137.9, 0.19, 1.25
66, 354.28, -153.4, 2.19, 1.67
67, 749.63, -260.93, 1.56, 1.76
68, 124.02, 190.68, 2.2, -0.24
69, 206.57, -100.62, -0.69, 2.85
70, 821.32, -233.56, 1.1, 2.43
71, 619.3, 56.76, 1.11, 1.97
72, 812.63, 155.49, -0.04, 2.37
73, 1190.6, -104.53, 1.29, 0.64
74, 515.03, -257.02, -0.36, -0.39
75, 108.81, 8.86, 2.41, 0.07
76, 671.43, 75.33, 0.49, 1.66
77, 538.92, 173.09, -1.26, 2.84
78, 947.31, -58.58, 2.93, 2.99
79, 315.18, 165.27, -1.01, 2.87
80, 360.8, -119.19, -0.85, 0.81
81, 636.67, 130.08, 0.01, 1.74
82, 1203.63, 71.42, -0.6, 2.27
83, 795.25, -260.93, 0.38, 0.81
84, 200.05, -261.91, 0.97, 1.06
85, 675.77, -108.44, -1.12, -0.3
86, 232.63, -144.61, 0.74, 0.92
87, 788.73, -25.35, -0.54, -1.2
88, 538.92, 29.39, -1.0, 0.31
89, 247.84, -81.07, -0.54, -0.59
90, 1053.75, -126.03, 1.04, 0.92
13, 864.76, -128.97, 2.39, 1.45
14, 992.92, -94.75, 1.1, 0.68
15, 228.29, 84.13, -0.49, 0.12
16, 323.87, 18.64, 2.28, 2.79
17, 395.55, -153.4, 2.75, 0.31
18, 934.27, 97.82, -0.63, 2.5
19, 493.3, 99.77, -0.02, 0.49
20, 651.88, -125.06, -0.11, -0.2
21, 723.56, -80.09, 1.18, 2.89
22, 949.48, -127.99, 1.04, -0.04
23, 708.36, -228.67, 0.68, 2.92
24, 604.09, 151.58, 2.45, 1.46
25, 462.89, 96.84, 2.44, 0.94
26, 875.62, -31.21, 0.55, -0.0
27, 1147.15, 85.11, -0.23, -1.07
28, 376.0, -12.64, 2.67, -0.29
29, 460.72, -2.87, 0.62, 0.12
30, 469.41, -260.93, -0.19, 1.21
31, 667.08, -73.25, -0.57, 2.08
32, 373.83, 67.51, -0.68, 2.04
33, 508.51, 150.6, -0.86, 1.32
34, 137.05, 217.07, 1.31, 3.06
35, 623.64, -34.15, 1.74, 2.33
36, 864.76, -11.66, 2.61, 2.07
37, 1077.64, 10.82, -0.71, 1.45
38, 1064.61, -125.06, -0.59, -0.08
39, 1005.96, 11.8, 0.71, 2.96
40, 942.96, -153.4, 1.79, 2.38
41, 439.0, -220.85, 0.01, -0.14
42, 208.74, -246.27, 0.4, 0.35
43, 823.49, -19.48, 0.55, 1.69
44, 343.42, -103.55, 1.83, 0.31
45, 1214.49, 116.39, -0.9, 0.64
46, 1001.61, -221.83, 0.69, -0.19
47, 213.08, -81.07, 3.1, 3.09
48, 682.29, -33.17, -0.79, 1.75
49, 399.9, -178.82, 3.07, 1.83
50, 843.04, -140.7, 0.87, 2.64
51, 745.29, 148.65, -1.21, 1.94
52, 1188.43, -269.73, 2.84, 1.58
53, 667.08, -52.72, 2.13, 0.07
54, 310.83, 75.33, -1.23, -0.77
55, 588.88, -2.87, -0.22, -0.51
56, 647.53, 222.94, 1.33, 2.74
57, 856.07, -68.36, 3.03, -0.2
58, 1034.2, -66.41, -1.17, -1.1
59, 712.7, -150.47, 3.05, 1.76
60, 493.3, 190.68, -1.2, 2.0
61, 714.87, 84.13, -0.34, -0.06
62, 508.51, 19.62, -0.53, 2.13
63, 412.93, 144.74, 2.26, 2.13
64, 497.65, -135.81, 2.11, -0.7
65, 575.85, -158.29, -0.87, 0.04
66, 873.45, 32.32, 0.82, 2.35
67, 810.45, -196.41, 1.27, 2.51
68, 269.56, -229.65, 1.64, 2.39
69, 439.0, 225.87, 1.07, -0.6
70, 897.34, 220.01, 2.66, 1.42
71, 636.67, 101.73, 1.43, 2.98
72, 1075.47, 24.5, 0.53, -0.95
73, 319.52, 74.36, 2.45, 2.58
74, 334.73, 155.49, 1.75, 0.09
75, 936.45, -171.98, 0.68, -0.96
76, 428.14, -269.73, 2.54, 1.95
77, 784.39, -173.93, 0.87, -0.54
78, 173.98, 104.66, 1.02, 2.19
79, 1042.89, -258.98, 1.29, -0.35
80, 708.36, -153.4, -0.82, 2.47
81, 688.81, 151.58, 2.07, 0.79
82, 373.83, -6.78, 0.76, 1.61
83, 1099.36, 70.45, 1.7, 0.67
84, 1205.81, -44.9, 2.3, 2.5
85, 908.21, 69.47, 1.88, -1.21
86, 349.93, -126.03, 1.81, 2.67
87, 117.5, 64.58, 1.79, -1.0
88, 1140.64, 171.13, 1.13, 0.12
89, 371.66, -214.01, 1.12, -1.2
90, 895.17, -130.92, -0.33, 2.38
91, 234.81, 94.89, -0.65, 2.05
92, 467.24, -4.82, 2.75, -0.22
93, 919.07, 69.47, -0.29, 0.89
94, 730.08, 106.62, 0.67, 2.56
95, 545.44, 190.68, -1.02, 3.0
96, 467.24, 118.35, -0.36, -0.49
97, 906.03, 217.07, -1.11, 1.55
98, 684.46, 99.77, 2.54, -0.35
99, 858.24, 183.84, 1.64, 0.19
100, 710.53, -131.9, 2.22, 2.77
101, 671.43, 119.32, -1.13, 0.5
102, 717.05, -184.68, 1.27, 0.98
103, 1142.81, 218.05, -0.47, 1.36
104, 365.14, 209.25, 0.51, 2.73
105, 951.65, 29.39, -0.6, -0.4
106, 1077.64, -87.91, 2.54, 0.77
107, 910.38, 142.78, -0.67, 2.3
108, 1084.16, 19.62, 1.22, -0.3
109, 938.62, -21.44, 0.86, 1.85
110, 330.38, -40.01, 2.8, 0.32
111, 1042.89, 101.73, 0.17, 1.44
112, 525.89, -139.72, -0.81, 2.13
113, 612.78, -258.98, 1.46, -0.29
114, 410.76, -82.05, 0.71, -0.91
115, 543.27, 196.55, 0.92, 1.43
116, 528.06, 104.66, -0.71, 1.66
117, 345.59, -17.53, 2.04, -0.02
118, 110.99, 6.91, 0.67, -0.06
119, 165.29, -211.08, 1.78, 0.99
120, 482.44, 184.82, 1.94, 0.31
121, 964.68, -84.0, 1.37, 0.74
122, 879.97, -5.8, 2.1, 1.28
123, 295.63, -81.07, 1.37, 1.83
124, 154.43, 90.0, 0.14, -0.6
125, 843.04, -96.71, 1.24, 0.3
126, 1123.26, 75.33, -0.52, 2.38
127, 412.93, 192.64, -0.63, 3.06
128, 165.29, 85.11, 0.43, -0.99
129, 247.84, 27.44, 0.57, -0.95
130, 1084.16, -250.18, 1.88, 0.61
131, 630.16, -63.47, 2.85, 2.42
132, 793.08, -156.34, -0.28, -0.93
133, 951.65, 83.15, 3.05, 2.3
134, 226.12, 216.1, 1.88, 1.83
135, 223.94, -232.58, 2.89, 1.81
