1, 347, 611, 57, 255
2, 247, 67, 397, 995
3, 469, 397, 719, 219
4, 165, 149, 411, 393
5, 1001, 351, 437, 897
6, 573, 165, 205, 215
7, 279, 589, 303, 169
8, 997, 439, 653, 685
9, 901, 299, 61, 349
10, 559, 433, 91, 205
11, 607, 781, 981, 585
12, 789, 785, 433, 227
13, 681, 11, 477, 527
14, 829, 101, 209, 355
15, 39, 373, 159, 863
16, 167, 723, 615, 211
17, 651, 973, 197, 281
18, 165, 29, 871, 471
19, 303, 501, 439, 939
20, 943, 59, 501, 263
21, 167, 413, 147, 873
22, 961, 293, 1009, 603
23, 1017, 1011, 387, 779
24, 87, 323, 191, 201
25, 21, 449, 329, 271
26, 285, 865, 143, 621
27, 463, 981, 109, 907
28, 83, 961, 997, 145
29, 311, 771, 897, 161
30, 965, 125, 697, 959
31, 381, 651, 341, 497
32, 125, 971, 879, 665
33, 821, 799, 815, 517
34, 839, 741, 429, 229
35, 673, 471, 789, 235
36, 329, 735, 897, 1015
37, 403, 491, 625, 483
38, 35, 421, 97, 149
39, 367, 109, 141, 705
40, 795, 977, 683, 183
41, 739, 665, 915, 499
42, 621, 779, 99, 281
43, 699, 195, 41, 739
44, 917, 473, 797, 495
45, 855, 521, 561, 85
46, 709, 609, 83, 393
47, 429, 649, 149, 443
48, 107, 905, 883, 929
49, 885, 109, 379, 687
50, 839, 645, 401, 509
51, 213, 815, 889, 947
52, 431, 759, 207, 303
53, 875, 127, 271, 109
54, 257, 753, 931, 165
55, 377, 377, 527, 211
56, 481, 983, 563, 409
57, 97, 613, 5, 9
58, 81, 659, 165, 375
59, 699, 899, 419, 847
60, 449, 149, 983, 439
61, 995, 247, 821, 991
62, 787, 229, 447, 311
63, 717, 717, 849, 569
64, 59, 143, 167, 829
65, 571, 951, 753, 97
66, 211, 949, 743, 619
67, 147, 413, 659, 379
68, 131, 851, 367, 153
69, 793, 1001, 565, 907
70, 55, 329, 59, 179
71, 61, 887, 671, 811
72, 707, 521, 559, 241
73, 917, 901, 107, 203
74, 825, 165, 697, 821
75, 817, 885, 179, 627
76, 29, 165, 565, 645
77, 537, 707, 775, 529
78, 219, 221, 631, 611
79, 247, 773, 333, 225
80, 359, 911, 205, 671
81, 579, 801, 979, 1017
82, 767, 723, 1017, 527
83, 721, 71, 575, 229
84, 129, 261, 875, 501
85, 167, 771, 313, 123
86, 683, 571, 709, 557
87, 931, 411, 775, 239
88, 625, 747, 843, 295
89, 99, 601, 729, 197
90, 397, 65, 791, 891
91, 931, 237, 437, 907
92, 167, 689, 751, 443
93, 687, 339, 707, 655
94, 85, 849, 139, 29
95, 721, 215, 967, 635
96, 257, 99, 1, 469
97, 943, 503, 767, 661
98, 579, 373, 79, 93
99, 495, 613, 105, 161
100, 991, 541, 401, 625
101, 459, 669, 835, 559
102, 417, 233, 79, 995
103, 427, 547, 1017, 949
104, 779, 577, 793, 155
105, 965, 859, 799, 419
106, 215, 397, 935, 427
107, 149, 937, 43, 749
108, 979, 727, 679, 189
109, 15, 383, 913, 223
110, 377, 653, 581, 507
111, 557, 753, 557, 1013
112, 995, 537, 809, 745
113, 101, 1003, 263, 815
114, 57, 959, 753, 223
115, 967, 373, 741, 5
116, 973, 439, 663, 921
117, 289, 697, 1013, 497
118, 721, 207, 587, 555
119, 121, 897, 45, 195
120, 223, 563, 877, 429
121, 469, 623, 389, 325
122, 267, 881, 413, 207
123, 369, 63, 359, 303
124, 309, 337, 693, 329
125, 235, 63, 809, 781
126, 435, 725, 189, 731
127, 81, 765, 421, 909
128, 231, 129, 111, 229
129, 687, 887, 677, 409
130, 199, 879, 297, 389
131, 675, 517, 555, 517
132, 421, 485, 931, 861
133, 143, 23, 591, 53
134, 517, 609, 653, 341
135, 421, 99, 201, 711
136, 237, 391, 599, 603
137, 971, 7, 317, 635
138, 723, 1001, 697, 585
139, 859, 99, 373, 869
140, 571, 759, 401, 807
141, 971, 267, 321, 359
142, 377, 801, 969, 753
143, 869, 569, 507, 955
144, 319, 47, 463, 511
145, 377, 433, 285, 179
146, 781, 993, 529, 287
147, 877, 527, 595, 303
148, 733, 647, 841, 751
149, 229, 735, 903, 171
150, 25, 485, 251, 383
151, 553, 689, 587, 667
152, 781, 763, 837, 579
153, 329, 741, 679, 273
154, 511, 819, 409, 845
155, 81, 909, 789, 95
156, 503, 343, 879, 699
157, 975, 397, 757, 209
158, 909, 81, 565, 925
159, 103, 395, 339, 873
160, 281, 65, 195, 433
161, 419, 627, 895, 9
162, 669, 875, 935, 655
163, 905, 743, 339, 355
164, 333, 763, 253, 681
165, 533, 277, 929, 899
166, 91, 79, 549, 689
167, 905, 875, 431, 911
1, 649, 115, 265, 201
2, 675, 867, 5, 491
3, 643, 471, 353, 87
4, 445, 837, 877, 417
5, 387, 963, 569, 155
6, 331, 329, 219, 751
7, 465, 479, 343, 559
8, 821, 207, 381, 423
9, 471, 847, 739, 159
10, 639, 603, 761, 1011
11, 43, 939, 511, 831
12, 383, 147, 33, 431
13, 661, 137, 481, 593
14, 81, 51, 907, 557
15, 23, 567, 293, 739
16, 403, 233, 493, 605
17, 747, 533, 395, 115
18, 721, 725, 923, 541
1, 429, 689, 695, 247
2, 435, 703, 207, 481
3, 821, 65, 121, 957
4, 173, 361, 515, 583
5, 839, 469, 707, 115
6, 563, 133, 339, 385
7, 911, 233, 733, 129
8, 13, 631, 23, 141
9, 421, 59, 341, 787
10, 395, 359, 257, 539
11, 817, 663, 1021, 815
12, 527, 633, 523, 199
13, 961, 825, 213, 741
14, 841, 871, 833, 859
15, 437, 783, 817, 473
16, 843, 885, 321, 979
17, 1, 895, 937, 591
18, 835, 513, 271, 969
19, 9, 321, 919, 587
20, 409, 251, 897, 567
21, 709, 319, 221, 465
22, 729, 567, 181, 883
23, 685, 531, 153, 529
24, 751, 87, 805, 589
25, 779, 385, 247, 857
26, 885, 827, 767, 87
27, 57, 425, 247, 3
28, 67, 435, 487, 977
29, 565, 37, 473, 403
30, 827, 441, 825, 831
31, 737, 25, 575, 623
32, 333, 461, 465, 271
33, 505, 497, 517, 383
34, 483, 839, 959, 857
35, 1009, 773, 231, 439
36, 985, 339, 903, 23
37, 443, 267, 855, 631
38, 47, 827, 237, 717
39, 151, 609, 499, 871
40, 285, 357, 401, 157
41, 833, 59, 91, 321
42, 197, 849, 945, 583
43, 437, 849, 701, 647
44, 667, 395, 971, 561
45, 279, 77, 381, 1003
46, 745, 269, 951, 893
47, 319, 309, 897, 211
48, 411, 201, 573, 383
49, 769, 849, 61, 291
50, 531, 567, 927, 423
51, 373, 697, 493, 701
52, 569, 31, 955, 29
53, 531, 1003, 985, 291
54, 851, 885, 1, 843
55, 293, 129, 207, 627
56, 657, 697, 903, 813
57, 1007, 805, 957, 651
58, 257, 345, 517, 755
59, 471, 1021, 773, 415
60, 355, 275, 969, 665
61, 93, 437, 473, 1003
62, 925, 543, 205, 189
63, 989, 595, 285, 167
64, 69, 375, 959, 691
65, 591, 837, 633, 291
66, 169, 29, 589, 967
67, 611, 359, 625, 121
68, 831, 959, 925, 193
69, 995, 373, 3, 439
70, 499, 623, 345, 485
71, 603, 721, 221, 169
72, 883, 85, 51, 205
73, 561, 823, 547, 933
74, 853, 813, 761, 713
75, 1017, 825, 367, 797
76, 1009, 651, 325, 831
77, 813, 121, 361, 1005
78, 407, 319, 125, 189
79, 1009, 585, 385, 21
80, 293, 651, 71, 689
81, 381, 71, 525, 231
82, 501, 723, 259, 819
83, 673, 753, 425, 725
84, 951, 869, 229, 789
85, 543, 651, 935, 27
86, 1017, 65, 925, 181
87, 973, 325, 745, 731
88, 109, 805, 589, 723
89, 827, 1007, 75, 913
90, 363, 127, 339, 451
91, 717, 311, 809, 173
92, 551, 897, 965, 789
93, 53, 581, 481, 577
94, 321, 95, 345, 301
95, 533, 659, 9, 207
96, 705, 323, 257, 741
97, 817, 703, 249, 87
98, 107, 217, 547, 335
99, 565, 345, 1017, 719
100, 363, 935, 577, 739
101, 157, 75, 3, 395
102, 219, 381, 493, 351
103, 91, 1011, 711, 411
104, 375, 699, 501, 741
105, 391, 813, 195, 295
106, 595, 979, 277, 497
107, 909, 563, 181, 321
108, 697, 95, 393, 977
109, 867, 353, 673, 839
110, 455, 659, 613, 669
111, 121, 305, 173, 203
112, 635, 815, 247, 767
113, 917, 213, 573, 961
114, 977, 393, 629, 959
115, 393, 515, 313, 297
116, 847, 897, 441, 201
117, 223, 231, 675, 723
118, 691, 571, 77, 467
119, 695, 543, 403, 845
120, 5, 579, 243, 1005
121, 47, 903, 669, 989
122, 899, 363, 453, 231
123, 961, 225, 537, 153
1, 309, 635, 663, 289
2, 71, 255, 567, 97
3, 877, 145, 409, 757
4, 37, 899, 199, 9
5, 165, 439, 523, 931
6, 565, 627, 941, 305
7, 899, 869, 639, 401
8, 749, 239, 941, 1007
9, 869, 409, 1013, 67
10, 789, 999, 337, 659
11, 597, 501, 31, 825
12, 201, 75, 645, 211
13, 1011, 389, 481, 11
14, 727, 27, 995, 929
15, 35, 487, 373, 301
16, 211, 311, 413, 139
17, 589, 357, 863, 169
18, 237, 51, 239, 893
19, 151, 25, 855, 223
20, 895, 495, 353, 519
21, 587, 941, 805, 557
22, 415, 831, 49, 625
23, 917, 1015, 1005, 981
24, 721, 391, 979, 277
25, 869, 873, 775, 307
26, 357, 377, 243, 709
27, 93, 599, 415, 917
1, 953, 385, 89, 647
2, 121, 273, 155, 935
3, 955, 659, 351, 639
4, 519, 707, 397, 77
5, 341, 323, 411, 961
6, 485, 21, 555, 425
7, 119, 489, 929, 819
8, 771, 421, 957, 93
9, 989, 803, 333, 889
10, 21, 503, 397, 785
11, 175, 89, 425, 855
12, 435, 333, 875, 267
13, 745, 207, 1001, 799
14, 743, 931, 1003, 915
15, 817, 269, 817, 783
16, 607, 601, 379, 325
17, 159, 855, 869, 219
18, 641, 643, 337, 873
19, 775, 921, 773, 641
20, 81, 827, 121, 375
21, 931, 667, 801, 555
22, 467, 727, 65, 679
23, 129, 799, 955, 717
24, 205, 321, 991, 131
25, 167, 661, 39, 927
26, 331, 47, 683, 651
27, 831, 69, 319, 645
28, 913, 533, 307, 225
29, 421, 635, 221, 971
30, 513, 315, 311, 635
31, 283, 199, 641, 783
32, 361, 911, 967, 999
33, 711, 49, 105, 183
34, 741, 473, 31, 825
35, 577, 967, 439, 407
36, 47, 301, 507, 491
37, 307, 319, 741, 525
38, 475, 729, 263, 751
39, 89, 661, 21, 885
40, 379, 347, 185, 613
41, 569, 561, 775, 545
42, 347, 309, 535, 391
43, 203, 955, 191, 149
44, 389, 647, 417, 531
45, 223, 47, 827, 437
46, 107, 561, 629, 921
47, 385, 425, 1007, 927
48, 273, 519, 627, 399
49, 967, 411, 387, 749
50, 879, 289, 329, 67
51, 97, 745, 857, 377
52, 815, 337, 535, 807
53, 171, 289, 949, 871
54, 621, 517, 479, 947
55, 71, 857, 545, 35
56, 15, 905, 907, 491
57, 31, 67, 919, 929
58, 165, 417, 703, 869
59, 275, 801, 55, 63
60, 981, 77, 141, 223
61, 601, 573, 857, 807
62, 275, 555, 167, 673
63, 879, 895, 7, 517
64, 839, 517, 261, 695
65, 897, 841, 339, 585
66, 229, 245, 803, 683
67, 593, 25, 657, 705
68, 17, 949, 807, 237
69, 93, 353, 133, 957
70, 659, 81, 551, 859
71, 473, 675, 553, 753
72, 651, 877, 285, 845
73, 999, 345, 595, 443
74, 377, 33, 209, 203
75, 3, 577, 855, 309
76, 521, 713, 407, 681
77, 399, 913, 1, 955
78, 775, 439, 977, 991
79, 193, 897, 59, 963
80, 235, 315, 95, 483
81, 489, 825, 295, 699
82, 1011, 705, 153, 823
83, 635, 25, 383, 483
84, 87, 23, 519, 541
85, 525, 337, 33, 223
86, 117, 263, 467, 507
87, 629, 507, 167, 13
88, 399, 619, 61, 367
89, 131, 393, 167, 155
90, 873, 301, 535, 509
1, 857, 807, 613, 987
2, 509, 237, 303, 321
3, 593, 511, 933, 613
4, 307, 249, 867, 21
5, 773, 491, 275, 631
6, 389, 659, 527, 993
7, 583, 899, 867, 213
8, 313, 695, 727, 655
9, 897, 867, 683, 283
10, 133, 547, 529, 737
11, 575, 1015, 1021, 713
12, 111, 289, 177, 815
13, 699, 295, 851, 631
14, 817, 365, 551, 453
15, 113, 731, 179, 321
16, 201, 597, 825, 943
17, 267, 245, 935, 365
18, 763, 759, 147, 877
19, 357, 763, 289, 409
20, 503, 303, 267, 247
21, 569, 395, 569, 967
22, 777, 297, 537, 285
23, 555, 91, 453, 975
24, 459, 869, 865, 635
25, 329, 757, 863, 513
26, 709, 495, 423, 293
27, 959, 733, 241, 45
28, 249, 533, 915, 227
29, 327, 553, 439, 321
30, 335, 25, 249, 575
31, 517, 409, 161, 779
32, 247, 697, 135, 769
33, 371, 867, 93, 601
34, 29, 1003, 599, 1007
35, 477, 489, 699, 837
36, 699, 535, 901, 775
37, 895, 581, 129, 631
38, 883, 303, 157, 275
39, 829, 583, 459, 983
40, 771, 245, 711, 849
41, 307, 107, 297, 261
42, 95, 55, 387, 375
43, 661, 519, 421, 687
44, 219, 347, 721, 367
45, 1021, 797, 83, 443
46, 825, 105, 455, 249
47, 99, 393, 1017, 1013
48, 531, 491, 109, 701
49, 271, 193, 1009, 721
50, 679, 271, 497, 909
51, 589, 863, 11, 747
52, 997, 7, 955, 661
53, 517, 451, 791, 311
54, 189, 713, 7, 115
55, 445, 553, 243, 175
56, 499, 1015, 603, 933
57, 691, 419, 1001, 247
58, 855, 423, 21, 37
59, 559, 251, 1005, 705
60, 357, 949, 13, 761
61, 561, 731, 215, 279
62, 371, 599, 171, 789
63, 283, 855, 821, 789
64, 361, 281, 785, 131
65, 433, 235, 91, 303
66, 707, 625, 485, 841
67, 649, 157, 589, 879
68, 151, 89, 677, 851
69, 307, 1021, 543, 153
70, 729, 1009, 913, 625
71, 489, 767, 627, 989
72, 893, 609, 417, 73
73, 197, 711, 865, 895
74, 211, 877, 701, 315
75, 765, 207, 453, 69
76, 297, 7, 885, 749
77, 625, 203, 497, 167
78, 63, 773, 531, 805
79, 863, 29, 595, 213
80, 555, 245, 103, 869
81, 537, 869, 775, 477
82, 247, 545, 471, 669
83, 915, 703, 689, 451
84, 1013, 467, 829, 877
85, 739, 701, 733, 11
86, 225, 301, 715, 915
87, 11, 691, 711, 61
88, 953, 909, 557, 321
89, 245, 121, 555, 15
90, 727, 291, 217, 849
91, 119, 753, 143, 771
92, 333, 549, 935, 243
93, 749, 701, 225, 501
94, 575, 777, 451, 891
95, 405, 949, 55, 993
96, 333, 801, 209, 179
97, 737, 1003, 35, 655
98, 533, 763, 885, 211
99, 693, 935, 675, 337
100, 557, 289, 811, 939
101, 521, 803, 31, 411
102, 563, 181, 589, 521
103, 955, 1005, 185, 611
104, 239, 987, 413, 931
105, 779, 619, 153, 201
106, 895, 379, 885, 473
107, 741, 851, 137, 829
108, 901, 599, 579, 223
109, 767, 515, 495, 725
110, 207, 477, 947, 369
111, 863, 767, 333, 629
112, 387, 273, 105, 791
113, 467, 29, 635, 225
114, 281, 391, 459, 81
115, 403, 961, 507, 627
116, 389, 773, 129, 681
117, 221, 523, 769, 289
118, 5, 573, 451, 279
119, 55, 127, 709, 525
120, 347, 937, 745, 365
121, 791, 387, 613, 465
122, 713, 547, 783, 591
123, 175, 393, 613, 721
124, 45, 743, 327, 153
125, 679, 361, 583, 363
126, 937, 713, 173, 849
127, 283, 953, 147, 1007
128, 55, 733, 393, 63
129, 131, 615, 427, 73
130, 901, 47, 733, 435
131, 483, 429, 957, 857
132, 633, 239, 229, 77
133, 779, 729, 1005, 829
134, 111, 1001, 731, 721
135, 109, 83, 967, 715
136, 131, 977, 373, 235
137, 877, 879, 741, 309
138, 457, 43, 345, 587
139, 87, 165, 113, 619
140, 979, 263, 367, 49
141, 275, 411, 777, 721
142, 135, 447, 215, 155
143, 777, 91, 151, 485
144, 411, 85, 657, 17
145, 371, 989, 493, 275
146, 513, 173, 251, 869
147, 425, 665, 139, 209
148, 941, 393, 775, 447
149, 637, 143, 551, 737
150, 35, 615, 535, 1001
151, 527, 445, 657, 913
152, 445, 781, 921, 429
